Channel Pedestal CM_slope CM_offset kappa_BXm1
0 87.947667 0.229027 1.074858 0.000000
1 87.449362 0.219637 0.228055 0.000000
2 87.010367 0.259206 0.761869 0.000000
3 84.502891 0.264422 0.840015 0.000000
4 86.616926 0.293418 0.732354 0.000000
5 88.585825 0.297813 0.797989 0.000000
6 86.170455 0.294949 0.819195 0.000000
7 87.290570 0.300584 0.539585 0.000000
8 89.846491 0.238211 0.075205 0.000000
9 83.959629 0.249491 0.892457 0.000000
10 87.483453 0.281686 0.949687 0.000000
11 85.331041 0.269274 0.730146 0.000000
12 88.414972 0.263019 0.829416 0.000000
13 88.491926 0.241283 0.021471 0.000000
14 86.387161 0.273609 0.716280 0.000000
15 85.922149 0.243524 0.801711 0.000000
16 87.445973 0.280667 0.794037 0.000000
17 88.044757 0.223157 0.210901 0.000000
18 89.532396 0.209636 0.424463 0.000000
19 87.992923 0.301788 0.045825 0.000000
20 86.820474 0.310276 0.524879 0.000000
21 85.273425 0.282618 0.788407 0.000000
22 89.899721 0.285450 0.670295 0.000000
23 87.480762 0.252466 0.656547 0.000000
24 88.145833 0.275200 0.563457 0.000000
25 86.725678 -0.502473 1.951593 0.000000
26 88.365032 -0.976257 2.109766 0.000000
27 89.109151 0.204973 0.167549 0.000000
28 87.071770 -0.211188 2.231891 0.000000
29 89.000100 0.254651 0.847261 0.000000
30 88.941886 0.262193 1.256467 0.000000
31 88.720793 -0.019595 3.131679 0.000000
32 86.024920 0.225136 1.401840 0.000000
33 87.667663 -0.035906 1.596148 0.000000
34 87.115530 -2.251986 10.089983 0.000000
35 87.236643 0.156263 0.943076 0.000000
36 87.845295 0.194360 0.931120 0.000000
37 85.959729 1.083807 0.098109 0.000000
38 88.278808 0.916193 -0.098109 0.000000
64 83.084131 -0.022685 1.440978 0.000000
65 80.538975 -0.024199 1.284919 0.000000
66 84.688995 -0.013321 1.195133 0.000000
67 81.633872 -0.023210 0.583319 0.000000
68 83.410486 0.009161 1.121016 0.000000
69 84.784589 -0.030880 1.212836 0.000000
70 84.557217 -0.019502 1.458296 0.000000
71 81.961623 -0.044503 1.453015 0.000000
72 82.446770 0.142457 0.525872 0.000000
73 80.953648 -0.007779 1.009541 0.000000
74 83.484450 -0.043701 1.617347 0.000000
75 85.085327 -0.008325 0.845160 0.000000
76 81.949661 -0.017826 0.918291 0.000000
77 83.889753 -0.130508 1.066887 0.000000
78 83.024821 0.036930 1.192314 0.000000
79 86.062600 0.003609 1.144406 0.000000
80 82.883373 0.003500 1.117388 0.000000
81 84.214414 0.120314 0.371516 0.000000
82 84.234549 0.124136 0.328158 0.000000
83 84.307715 0.056434 0.665017 0.000000
84 83.118820 0.002663 1.237768 0.000000
85 85.745415 0.013861 0.999478 0.000000
86 84.982556 0.004916 1.315413 0.000000
87 83.529306 -0.009403 0.893061 0.000000
88 83.379187 -0.006326 0.768956 0.000000
89 83.897628 -0.009401 0.681403 0.000000
90 84.615730 -0.107402 0.774500 0.000000
91 85.931419 0.105600 0.638202 0.000000
92 82.212121 -0.006290 0.739227 0.000000
93 87.163078 0.014905 1.078235 0.000000
94 86.450159 0.026195 0.922519 0.000000
95 84.589912 0.004927 -0.354125 0.000000
96 86.051934 -0.022894 1.766758 0.000000
97 92.723684 -0.003034 1.688158 0.000000
98 82.074063 0.001097 1.048093 0.000000
99 84.675538 -0.096718 1.075494 0.000000
100 83.393242 0.107623 0.526937 0.000000
101 87.384669 0.991953 -0.187431 0.000000
102 83.270833 1.008047 0.187431 0.000000
128 86.572368 0.443973 0.624956 0.000000
129 89.192185 0.484211 0.568942 0.000000
130 88.359151 0.423993 0.521509 0.000000
131 89.843401 0.457145 0.748636 0.000000
132 88.813696 0.485439 0.638774 0.000000
133 103.034888 0.535617 0.503445 0.000000
134 88.361344 0.359749 0.775504 0.000000
135 88.152113 0.405848 0.283565 0.000000
136 89.664474 0.123897 0.749964 0.000000
137 90.090012 0.393252 0.899182 0.000000
138 90.578449 0.508936 0.351181 0.000000
139 90.317285 0.371905 0.599198 0.000000
140 86.693082 0.371587 0.507960 0.000000
141 89.427831 0.381651 0.441771 0.000000
142 88.876196 0.379662 0.531167 0.000000
143 89.760766 0.387709 0.404131 0.000000
144 89.193182 0.450110 0.883756 0.000000
145 88.469597 0.120292 0.650423 0.000000
146 89.565490 0.150142 1.165612 0.000000
147 89.735845 0.332457 0.434705 0.000000
148 89.001894 0.340898 0.434642 0.000000
149 90.306818 0.283752 0.368875 0.000000
150 91.940490 0.038961 1.386642 0.000000
151 87.573764 0.456048 0.433322 0.000000
152 85.381380 0.168569 1.099792 0.000000
153 89.335028 0.292498 0.390781 0.000000
154 89.390849 0.311183 1.514783 0.000000
155 90.321272 0.137730 0.986330 0.000000
156 89.103469 0.301390 0.502748 0.000000
157 88.302831 0.312070 0.907132 0.000000
158 87.199262 0.312057 0.679646 0.000000
159 90.919159 0.314715 0.670456 0.000000
160 89.721392 0.313324 0.638850 0.000000
161 88.458333 0.308127 1.444223 0.000000
162 88.027412 0.294127 0.668903 0.000000
163 88.660785 0.300061 -0.413568 0.000000
164 89.433513 0.186027 0.730739 0.000000
165 89.050837 1.079036 0.275066 0.000000
166 92.093700 0.920964 -0.275066 0.000000
192 87.967504 0.259120 0.715768 0.000000
193 87.754386 0.266351 0.770092 0.000000
194 86.809609 0.257425 1.033169 0.000000
195 86.808911 0.276816 0.662713 0.000000
196 87.348186 0.303419 0.781696 0.000000
197 87.531499 0.281448 0.502339 0.000000
198 87.418561 0.311264 0.266371 0.000000
199 87.655602 0.304386 0.480287 0.000000
200 89.088816 0.119943 0.309083 0.000000
201 86.236244 0.274352 0.369660 0.000000
202 89.244617 0.281541 0.462737 0.000000
203 88.052333 0.212469 0.899990 0.000000
204 93.695375 0.022661 0.723598 0.000000
205 89.005383 0.297944 0.328802 0.000000
206 88.410387 0.321806 0.467488 0.000000
207 89.654506 0.303332 0.480248 0.000000
208 90.288278 0.350107 0.637368 0.000000
209 89.557815 0.137896 0.297237 0.000000
210 86.874900 0.156947 0.806532 0.000000
211 85.947667 0.276731 0.532277 0.000000
212 86.125897 0.332326 1.362806 0.000000
213 90.010865 0.356633 0.317094 0.000000
214 88.097189 0.338450 0.905373 0.000000
215 87.217703 0.313392 0.515109 0.000000
216 87.106559 0.323301 0.573979 0.000000
217 88.907795 0.308060 0.367999 0.000000
218 89.021033 0.326656 0.277059 0.000000
219 89.232057 0.153970 0.868182 0.000000
220 86.718002 0.003190 1.156213 0.000000
221 0.000000 0.000000 0.000000 0.000000
222 87.545853 0.351934 0.804121 0.000000
223 88.628688 0.381397 0.402416 0.000000
224 88.422548 0.333289 0.775091 0.000000
225 88.610347 0.054969 0.642993 0.000000
226 88.938796 0.361721 0.978141 0.000000
227 88.002791 0.364558 0.875447 0.000000
228 88.266746 0.180894 0.060707 0.000000
229 89.514852 1.038952 0.073411 0.000000
230 90.601974 0.961048 -0.073411 0.000000
256 85.956140 0.274869 0.133108 0.000000
257 84.796750 0.277361 0.565603 0.000000
258 83.026316 0.298836 0.134924 0.000000
259 85.978469 0.283969 0.438953 0.000000
260 84.536782 0.293958 -0.461184 0.000000
261 86.523026 0.310158 0.554770 0.000000
262 83.498405 0.316705 1.193569 0.000000
263 87.026415 0.282389 0.847240 0.000000
264 86.582337 0.220612 0.839256 0.000000
265 86.823266 0.270859 0.431039 0.000000
266 87.428828 0.302167 0.103904 0.000000
267 86.634270 0.262535 0.810823 0.000000
268 85.086423 0.269712 0.210693 0.000000
269 86.430024 0.277570 0.828638 0.000000
270 86.202253 0.268267 0.142890 0.000000
271 0.000000 0.000000 0.000000 0.000000
272 85.258573 0.298741 0.154378 0.000000
273 85.711324 0.212158 0.512925 0.000000
274 87.322269 0.232417 -0.071039 0.000000
275 87.112141 0.300603 0.746455 0.000000
276 88.874103 0.261686 0.246380 0.000000
277 87.452053 0.255407 -0.073518 0.000000
278 84.781400 0.271845 0.890047 0.000000
279 86.812301 0.284441 -0.160578 0.000000
280 86.001396 0.263476 0.695826 0.000000
281 86.142943 0.303794 0.479195 0.000000
282 85.103369 0.275661 0.083803 0.000000
283 85.104565 0.182488 0.293550 0.000000
284 88.868820 0.248601 0.112868 0.000000
285 86.755084 0.293537 0.780929 0.000000
286 86.282895 0.257656 1.032513 0.000000
287 84.956439 0.297154 1.033648 0.000000
288 86.000000 0.246659 -0.325666 0.000000
289 85.975578 0.247164 0.731046 0.000000
290 84.062799 0.251190 0.674837 0.000000
291 86.188497 0.258931 0.207183 0.000000
292 84.909789 0.205086 0.701999 0.000000
293 84.945275 0.959147 0.549219 0.000000
294 92.030801 1.040853 -0.549219 0.000000
320 88.243421 0.329597 0.881354 0.000000
321 88.449262 0.260832 0.693465 0.000000
322 88.482855 0.342423 0.409376 0.000000
323 87.185008 0.385656 0.466210 0.000000
324 87.452951 0.409428 0.839230 0.000000
325 86.624103 0.436312 0.774947 0.000000
326 87.265351 0.436466 0.594531 0.000000
327 86.017344 0.420662 0.900728 0.000000
328 87.594099 0.158678 0.183038 0.000000
329 88.265052 0.337914 0.497780 0.000000
330 87.410885 0.377463 0.573108 0.000000
331 87.209928 0.409934 0.437156 0.000000
332 86.996312 0.421050 0.112708 0.000000
333 87.397428 0.427163 0.353429 0.000000
334 88.282994 0.423553 0.241594 0.000000
335 87.547847 0.418520 0.680635 0.000000
336 90.116826 0.474963 0.019214 0.000000
337 88.608154 0.120823 0.192745 0.000000
338 88.264753 0.145703 0.881594 0.000000
339 89.232456 0.399326 0.726455 0.000000
340 88.612739 0.478045 0.337223 0.000000
341 87.824860 0.487468 0.450993 0.000000
342 89.239234 0.453435 0.221912 0.000000
343 89.290969 0.432453 0.401079 0.000000
344 88.425638 0.416568 0.686607 0.000000
345 88.333034 0.439859 0.237109 0.000000
346 87.738537 0.481100 0.289414 0.000000
347 87.560108 0.148619 0.093632 0.000000
348 88.349282 0.526852 0.268535 0.000000
349 88.242524 0.513798 0.729330 0.000000
350 89.414075 0.530540 0.598894 0.000000
351 87.427133 0.594151 0.292373 0.000000
352 88.641647 0.542440 0.206386 0.000000
353 88.916069 0.474500 0.756583 0.000000
354 87.793062 0.505436 0.682818 0.000000
355 88.564394 0.534637 0.114585 0.000000
356 85.621411 0.236842 0.724775 0.000000
357 89.411085 0.982256 0.473148 0.000000
358 88.592105 1.017744 -0.473148 0.000000
