Channel Pedestal CM_slope CM_offset kappa_BXm1
0 1.205846 0.229027 1.074858 0.000000
1 0.353673 0.219637 0.228055 0.000000
2 0.910118 0.259206 0.761869 0.000000
3 0.991246 0.264422 0.840015 0.000000
4 0.900169 0.293418 0.732354 0.000000
5 0.968318 0.297813 0.797989 0.000000
6 0.987886 0.294949 0.819195 0.000000
7 0.711499 0.300584 0.539585 0.000000
8 0.211446 0.238211 0.075205 0.000000
9 1.035149 0.249491 0.892457 0.000000
10 1.110793 0.281686 0.949687 0.000000
11 0.884153 0.269274 0.730146 0.000000
12 0.979845 0.263019 0.829416 0.000000
13 0.159468 0.241283 0.021471 0.000000
14 0.872766 0.273609 0.716280 0.000000
15 0.940990 0.243524 0.801711 0.000000
16 0.954559 0.280667 0.794037 0.000000
17 0.338532 0.223157 0.210901 0.000000
18 0.544360 0.209636 0.424463 0.000000
19 0.218428 0.301788 0.045825 0.000000
20 0.702336 0.310276 0.524879 0.000000
21 0.950045 0.282618 0.788407 0.000000
22 0.833553 0.285450 0.670295 0.000000
23 0.800941 0.252466 0.656547 0.000000
24 0.720853 0.275200 0.563457 0.000000
25 1.664213 -0.502473 1.951593 0.000000
26 1.551413 -0.976257 2.109766 0.000000
27 0.284779 0.204973 0.167549 0.000000
28 2.111105 -0.211188 2.231891 0.000000
29 0.992904 0.254651 0.847261 0.000000
30 1.406424 0.262193 1.256467 0.000000
31 3.120472 -0.019595 3.131679 0.000000
32 1.530603 0.225136 1.401840 0.000000
33 1.575612 -0.035906 1.596148 0.000000
34 8.801999 -2.251986 10.089983 0.000000
35 1.032448 0.156263 0.943076 0.000000
36 1.042280 0.194360 0.931120 0.000000
268435456 0.717973 1.083807 0.098109 0.000000
268435457 0.425892 0.916193 -0.098109 0.000000
64 1.424195 -0.022685 1.440978 0.000000
65 1.267016 -0.024199 1.284919 0.000000
66 1.185278 -0.013321 1.195133 0.000000
67 0.566148 -0.023210 0.583319 0.000000
68 1.127794 0.009161 1.121016 0.000000
69 1.189990 -0.030880 1.212836 0.000000
70 1.443867 -0.019502 1.458296 0.000000
71 1.420089 -0.044503 1.453015 0.000000
72 0.631267 0.142457 0.525872 0.000000
73 1.003786 -0.007779 1.009541 0.000000
74 1.585015 -0.043701 1.617347 0.000000
75 0.839001 -0.008325 0.845160 0.000000
76 0.905103 -0.017826 0.918291 0.000000
77 0.970332 -0.130508 1.066887 0.000000
78 1.219637 0.036930 1.192314 0.000000
79 1.147076 0.003609 1.144406 0.000000
80 1.119977 0.003500 1.117388 0.000000
81 0.460529 0.120314 0.371516 0.000000
82 0.419998 0.124136 0.328158 0.000000
83 0.706769 0.056434 0.665017 0.000000
84 1.239737 0.002663 1.237768 0.000000
85 1.009733 0.013861 0.999478 0.000000
86 1.319050 0.004916 1.315413 0.000000
87 0.886104 -0.009403 0.893061 0.000000
88 0.764275 -0.006326 0.768956 0.000000
89 0.674448 -0.009401 0.681403 0.000000
90 0.695040 -0.107402 0.774500 0.000000
91 0.716330 0.105600 0.638202 0.000000
92 0.734573 -0.006290 0.739227 0.000000
93 1.089262 0.014905 1.078235 0.000000
94 0.941899 0.026195 0.922519 0.000000
95 -0.350480 0.004927 -0.354125 0.000000
96 1.749820 -0.022894 1.766758 0.000000
97 1.685913 -0.003034 1.688158 0.000000
98 1.048905 0.001097 1.048093 0.000000
99 1.003938 -0.096718 1.075494 0.000000
100 0.606561 0.107623 0.526937 0.000000
268435520 0.546457 0.991953 -0.187431 0.000000
268435521 0.933227 1.008047 0.187431 0.000000
128 1.036953 0.443973 0.624956 0.000000
129 1.018279 0.484211 0.568942 0.000000
130 0.914965 0.423993 0.521509 0.000000
131 1.172857 0.457145 0.748636 0.000000
132 1.089250 0.485439 0.638774 0.000000
133 1.000485 0.535617 0.503445 0.000000
134 1.109343 0.359749 0.775504 0.000000
135 0.660184 0.405848 0.283565 0.000000
136 0.864938 0.123897 0.749964 0.000000
137 1.264112 0.393252 0.899182 0.000000
138 0.823463 0.508936 0.351181 0.000000
139 0.944317 0.371905 0.599198 0.000000
140 0.852785 0.371587 0.507960 0.000000
141 0.795935 0.381651 0.441771 0.000000
142 0.883485 0.379662 0.531167 0.000000
143 0.763916 0.387709 0.404131 0.000000
144 1.301448 0.450110 0.883756 0.000000
145 0.762051 0.120292 0.650423 0.000000
146 1.304941 0.150142 1.165612 0.000000
147 0.743217 0.332457 0.434705 0.000000
148 0.750988 0.340898 0.434642 0.000000
149 0.632191 0.283752 0.368875 0.000000
150 1.422797 0.038961 1.386642 0.000000
151 0.856525 0.456048 0.433322 0.000000
152 1.256220 0.168569 1.099792 0.000000
153 0.662213 0.292498 0.390781 0.000000
154 1.803554 0.311183 1.514783 0.000000
155 1.114140 0.137730 0.986330 0.000000
156 0.782431 0.301390 0.502748 0.000000
157 1.196726 0.312070 0.907132 0.000000
158 0.969228 0.312057 0.679646 0.000000
159 0.962504 0.314715 0.670456 0.000000
160 0.929608 0.313324 0.638850 0.000000
161 1.730158 0.308127 1.444223 0.000000
162 0.941846 0.294127 0.668903 0.000000
163 -0.135117 0.300061 -0.413568 0.000000
164 0.903367 0.186027 0.730739 0.000000
268435584 1.276387 1.079036 0.275066 0.000000
268435585 0.579568 0.920964 -0.275066 0.000000
192 0.848537 0.259120 0.715768 0.000000
193 0.906566 0.266351 0.770092 0.000000
194 1.165068 0.257425 1.033169 0.000000
195 0.804548 0.276816 0.662713 0.000000
196 0.937162 0.303419 0.781696 0.000000
197 0.646548 0.281448 0.502339 0.000000
198 0.425857 0.311264 0.266371 0.000000
199 0.636249 0.304386 0.480287 0.000000
200 0.370540 0.119943 0.309083 0.000000
201 0.510233 0.274352 0.369660 0.000000
202 0.606994 0.281541 0.462737 0.000000
203 1.008855 0.212469 0.899990 0.000000
204 0.735209 0.022661 0.723598 0.000000
205 0.481463 0.297944 0.328802 0.000000
206 0.632376 0.321806 0.467488 0.000000
207 0.635670 0.303332 0.480248 0.000000
208 0.816757 0.350107 0.637368 0.000000
209 0.367892 0.137896 0.297237 0.000000
210 0.886948 0.156947 0.806532 0.000000
211 0.674069 0.276731 0.532277 0.000000
212 1.533084 0.332326 1.362806 0.000000
213 0.499826 0.356633 0.317094 0.000000
214 1.078789 0.338450 0.905373 0.000000
215 0.675686 0.313392 0.515109 0.000000
216 0.739633 0.323301 0.573979 0.000000
217 0.525844 0.308060 0.367999 0.000000
218 0.444432 0.326656 0.277059 0.000000
219 0.947074 0.153970 0.868182 0.000000
220 1.157848 0.003190 1.156213 0.000000
221 0.000000 0.000000 0.000000 0.000000
222 0.984446 0.351934 0.804121 0.000000
223 0.597837 0.381397 0.402416 0.000000
224 0.945863 0.333289 0.775091 0.000000
225 0.671159 0.054969 0.642993 0.000000
226 1.163480 0.361721 0.978141 0.000000
227 1.062240 0.364558 0.875447 0.000000
228 0.153394 0.180894 0.060707 0.000000
268435648 0.605751 1.038952 0.073411 0.000000
268435649 0.419013 0.961048 -0.073411 0.000000
256 0.309798 0.274869 0.133108 0.000000
257 0.743894 0.277361 0.565603 0.000000
258 0.327019 0.298836 0.134924 0.000000
259 0.621492 0.283969 0.438953 0.000000
260 -0.272224 0.293958 -0.461184 0.000000
261 0.754144 0.310158 0.554770 0.000000
262 1.397151 0.316705 1.193569 0.000000
263 1.028763 0.282389 0.847240 0.000000
264 0.981068 0.220612 0.839256 0.000000
265 0.605151 0.270859 0.431039 0.000000
266 0.298140 0.302167 0.103904 0.000000
267 0.979584 0.262535 0.810823 0.000000
268 0.384067 0.269712 0.210693 0.000000
269 1.007063 0.277570 0.828638 0.000000
270 0.315335 0.268267 0.142890 0.000000
271 0.000000 0.000000 0.000000 0.000000
272 0.346413 0.298741 0.154378 0.000000
273 0.649303 0.212158 0.512925 0.000000
274 0.078362 0.232417 -0.071039 0.000000
275 0.939687 0.300603 0.746455 0.000000
276 0.414595 0.261686 0.246380 0.000000
277 0.090661 0.255407 -0.073518 0.000000
278 1.064792 0.271845 0.890047 0.000000
279 0.022264 0.284441 -0.160578 0.000000
280 0.865192 0.263476 0.695826 0.000000
281 0.674477 0.303794 0.479195 0.000000
282 0.261002 0.275661 0.083803 0.000000
283 0.410855 0.182488 0.293550 0.000000
284 0.272672 0.248601 0.112868 0.000000
285 0.969618 0.293537 0.780929 0.000000
286 1.198138 0.257656 1.032513 0.000000
287 1.224663 0.297154 1.033648 0.000000
288 -0.167110 0.246659 -0.325666 0.000000
289 0.889926 0.247164 0.731046 0.000000
290 0.836304 0.251190 0.674837 0.000000
291 0.373627 0.258931 0.207183 0.000000
292 0.833831 0.205086 0.701999 0.000000
268435712 1.165770 0.959147 0.549219 0.000000
268435713 0.119854 1.040853 -0.549219 0.000000
320 0.886641 0.329597 0.881354 0.000000
321 0.697649 0.260832 0.693465 0.000000
322 0.414869 0.342423 0.409376 0.000000
323 0.472397 0.385656 0.466210 0.000000
324 0.845798 0.409428 0.839230 0.000000
325 0.781947 0.436312 0.774947 0.000000
326 0.601532 0.436466 0.594531 0.000000
327 0.907476 0.420662 0.900728 0.000000
328 0.185584 0.158678 0.183038 0.000000
329 0.503201 0.337914 0.497780 0.000000
330 0.579163 0.377463 0.573108 0.000000
331 0.443732 0.409934 0.437156 0.000000
332 0.119463 0.421050 0.112708 0.000000
333 0.360282 0.427163 0.353429 0.000000
334 0.248388 0.423553 0.241594 0.000000
335 0.687349 0.418520 0.680635 0.000000
336 0.026833 0.474963 0.019214 0.000000
337 0.194684 0.120823 0.192745 0.000000
338 0.883932 0.145703 0.881594 0.000000
339 0.732861 0.399326 0.726455 0.000000
340 0.344892 0.478045 0.337223 0.000000
341 0.458813 0.487468 0.450993 0.000000
342 0.229187 0.453435 0.221912 0.000000
343 0.408016 0.432453 0.401079 0.000000
344 0.693290 0.416568 0.686607 0.000000
345 0.244166 0.439859 0.237109 0.000000
346 0.297132 0.481100 0.289414 0.000000
347 0.096016 0.148619 0.093632 0.000000
348 0.276987 0.526852 0.268535 0.000000
349 0.737573 0.513798 0.729330 0.000000
350 0.607405 0.530540 0.598894 0.000000
351 0.301904 0.594151 0.292373 0.000000
352 0.215088 0.542440 0.206386 0.000000
353 0.764195 0.474500 0.756583 0.000000
354 0.690927 0.505436 0.682818 0.000000
355 0.123161 0.534637 0.114585 0.000000
356 0.728574 0.236842 0.724775 0.000000
268435776 0.488905 0.982256 0.473148 0.000000
268435777 -0.456821 1.017744 -0.473148 0.000000
